                                        -------------- Quantiles --------------
Variable       n     Mean     S.D.      Min      .25      Mdn      .75      Max
-------------------------------------------------------------------------------
      FI  231042    0.316    0.075    0.000    0.265    0.312    0.361    0.886
  Log_ME  231042   22.914    0.936   20.965   22.244   22.737   23.383   28.566
      EP  222041    1.710    7.718 -187.358    0.340    1.151    2.539  575.186
      BM  114905    0.491    0.719    0.000    0.220    0.376    0.626   33.128
      TO  231042    0.310    0.319    0.000    0.108    0.206    0.397    5.366
     REV  229879    1.751   16.120  -68.966   -6.439    0.207    8.090 2205.263
     MOM  216329   15.777   53.640 -178.917  -16.745    8.420   40.019 2229.289
    IVOL  230873    1.817    1.043    0.000    1.112    1.607    2.301   20.221
     VOL  231042    2.730    1.475    0.000    1.797    2.434    3.304   44.786
     MAX  231042    5.517    3.595  -10.000    3.188    4.749    7.382   73.134
     MIN  231042   -5.095    2.572  -12.633   -6.653   -4.552   -3.186   10.072
   TOMAX  231042    3.483    3.568    0.003    1.180    2.308    4.478   51.983
   TOMIN  231042    0.675    0.749    0.000    0.228    0.437    0.840   18.800
   TOVOL  231042    0.757    0.862    0.000    0.237    0.476    0.947   20.878
    SKEW  231041    2.971   74.299 -412.948  -41.342    1.771   46.401  447.475
     AGE  231042  125.023   83.369    0.000   51.000  115.000  193.000  348.000
-------------------------------------------------------------------------------
